CameraToWorldMatrix PhotoCaptureFrame: 
0.47636	0.26096	-0.83963	0.44290
-0.01391	0.95706	0.28957	0.07797
-0.87914	0.12626	-0.45953	0.40682
0.00000	0.00000	0.00000	1.00000

ProjectionMatrix PhotoCaptureFrame: 
1.53074	0.00000	0.01527	0.00000
0.00000	2.71497	-0.06180	0.00000
0.00000	0.00000	-1.00000	0.00000
0.00000	0.00000	-1.00000	0.00000

CameraToWorldMatrix Camera.Main: 
0.48035	0.17739	-0.85895	0.37477
-0.01800	0.98112	0.19256	0.05647
-0.87689	0.07703	-0.47447	0.37048
0.00000	0.00000	0.00000	1.00000

ProjectionMatrix Camera.Main: 
2.19190	0.00000	0.00000	0.00000
0.00000	3.90282	0.00000	0.00000
0.00000	0.00000	-1.00401	-0.20040
0.00000	0.00000	-1.00000	0.00000

