CameraToWorldMatrix PhotoCaptureFrame: 
0.98771	-0.02807	0.15373	0.06009
-0.01233	0.96667	0.25574	0.09180
0.15578	0.25449	-0.95445	0.08214
0.00000	0.00000	0.00000	1.00000

ProjectionMatrix PhotoCaptureFrame: 
1.53262	0.00000	0.01531	0.00000
0.00000	2.71825	-0.06182	0.00000
0.00000	0.00000	-1.00000	0.00000
0.00000	0.00000	-1.00000	0.00000

CameraToWorldMatrix Camera.Main: 
0.98713	-0.02319	0.15820	0.07274
-0.00454	0.98496	0.17270	0.06569
0.15983	0.17120	-0.97219	0.00849
0.00000	0.00000	0.00000	1.00000

ProjectionMatrix Camera.Main: 
2.53683	0.00000	0.00000	0.00000
0.00000	3.90282	0.00000	0.00000
0.00000	0.00000	-1.00401	-0.20040
0.00000	0.00000	-1.00000	0.00000

