CameraToWorldMatrix PhotoCaptureFrame: 
0.99410	-0.02048	0.10647	0.02484
-0.00908	0.96282	0.26998	0.12347
0.10805	0.26935	-0.95696	0.05489
0.00000	0.00000	0.00000	1.00000

ProjectionMatrix PhotoCaptureFrame: 
1.52572	0.00000	0.01522	0.00000
0.00000	2.70630	-0.06171	0.00000
0.00000	0.00000	-1.00000	0.00000
0.00000	0.00000	-1.00000	0.00000

CameraToWorldMatrix Camera.Main: 
0.99392	-0.01966	0.10837	0.03430
-0.00086	0.98253	0.18610	0.09831
0.11014	0.18506	-0.97654	-0.01918
0.00000	0.00000	0.00000	1.00000

ProjectionMatrix Camera.Main: 
2.19190	0.00000	0.00000	0.00000
0.00000	3.90282	0.00000	0.00000
0.00000	0.00000	-1.00401	-0.20040
0.00000	0.00000	-1.00000	0.00000

