CameraToWorldMatrix PhotoCaptureFrame: 
1.00000	0.00000	0.00000	0.00000
0.00000	1.00000	0.00000	0.00000
0.00000	0.00000	1.00000	0.00000
0.00000	0.00000	0.00000	1.00000

ProjectionMatrix PhotoCaptureFrame: 
1.00000	0.00000	0.00000	0.00000
0.00000	1.00000	0.00000	0.00000
0.00000	0.00000	1.00000	0.00000
0.00000	0.00000	0.00000	1.00000

CameraToWorldMatrix Camera.Main: 
0.07037	-0.01827	0.99735	-0.51555
0.00000	0.99983	0.01832	0.00602
0.99752	0.00129	-0.07036	-0.11439
0.00000	0.00000	0.00000	1.00000

ProjectionMatrix Camera.Main: 
1.02818	0.00000	0.00000	0.00000
0.00000	1.73205	0.00000	0.00000
0.00000	0.00000	-1.00020	-0.20002
0.00000	0.00000	-1.00000	0.00000

