CameraToWorldMatrix PhotoCaptureFrame: 
1.00000	0.00000	0.00000	0.00000
0.00000	1.00000	0.00000	0.00000
0.00000	0.00000	1.00000	0.00000
0.00000	0.00000	0.00000	1.00000

ProjectionMatrix PhotoCaptureFrame: 
1.00000	0.00000	0.00000	0.00000
0.00000	1.00000	0.00000	0.00000
0.00000	0.00000	1.00000	0.00000
0.00000	0.00000	0.00000	1.00000

CameraToWorldMatrix Camera.Main: 
0.99847	-0.00258	0.05521	0.43167
0.00000	0.99891	0.04660	0.03692
0.05527	0.04652	-0.99739	-0.39444
0.00000	0.00000	0.00000	1.00000

ProjectionMatrix Camera.Main: 
1.02818	0.00000	0.00000	0.00000
0.00000	1.73205	0.00000	0.00000
0.00000	0.00000	-1.00020	-0.20002
0.00000	0.00000	-1.00000	0.00000

