CameraToWorldMatrix PhotoCaptureFrame: 
1.00000	0.00000	0.00000	0.00000
0.00000	1.00000	0.00000	0.00000
0.00000	0.00000	1.00000	0.00000
0.00000	0.00000	0.00000	1.00000

ProjectionMatrix PhotoCaptureFrame: 
1.00000	0.00000	0.00000	0.00000
0.00000	1.00000	0.00000	0.00000
0.00000	0.00000	1.00000	0.00000
0.00000	0.00000	0.00000	1.00000

CameraToWorldMatrix Camera.Main: 
0.99466	0.00342	0.10311	0.38984
0.00000	0.99945	-0.03318	0.02933
0.10317	-0.03300	-0.99412	-0.05944
0.00000	0.00000	0.00000	1.00000

ProjectionMatrix Camera.Main: 
1.02818	0.00000	0.00000	0.00000
0.00000	1.73205	0.00000	0.00000
0.00000	0.00000	-1.00020	-0.20002
0.00000	0.00000	-1.00000	0.00000

