CameraToWorldMatrix PhotoCaptureFrame: 
1.00000	0.00000	0.00000	0.00000
0.00000	1.00000	0.00000	0.00000
0.00000	0.00000	1.00000	0.00000
0.00000	0.00000	0.00000	1.00000

ProjectionMatrix PhotoCaptureFrame: 
1.00000	0.00000	0.00000	0.00000
0.00000	1.00000	0.00000	0.00000
0.00000	0.00000	1.00000	0.00000
0.00000	0.00000	0.00000	1.00000

CameraToWorldMatrix Camera.Main: 
0.99788	0.00251	0.06500	0.31761
0.00000	0.99926	-0.03859	0.01330
0.06505	-0.03850	-0.99714	-0.03565
0.00000	0.00000	0.00000	1.00000

ProjectionMatrix Camera.Main: 
1.02818	0.00000	0.00000	0.00000
0.00000	1.73205	0.00000	0.00000
0.00000	0.00000	-1.00020	-0.20002
0.00000	0.00000	-1.00000	0.00000

