CameraToWorldMatrix PhotoCaptureFrame: 
0.75343	0.22138	-0.61914	0.55150
-0.02027	0.94899	0.31466	0.13639
-0.65722	0.22452	-0.71948	0.39813
0.00000	0.00000	0.00000	1.00000

ProjectionMatrix PhotoCaptureFrame: 
1.52835	0.00000	0.01524	0.00000
0.00000	2.71084	-0.06176	0.00000
0.00000	0.00000	-1.00000	0.00000
0.00000	0.00000	-1.00000	0.00000

CameraToWorldMatrix Camera.Main: 
0.75654	0.16029	-0.63400	0.50359
-0.01111	0.97250	0.23262	0.11439
-0.65386	0.16894	-0.73752	0.34184
0.00000	0.00000	0.00000	1.00000

ProjectionMatrix Camera.Main: 
2.53683	0.00000	0.00000	0.00000
0.00000	3.90282	0.00000	0.00000
0.00000	0.00000	-1.00401	-0.20040
0.00000	0.00000	-1.00000	0.00000

