CameraToWorldMatrix PhotoCaptureFrame: 
0.73281	0.23312	-0.63926	0.51826
-0.01969	0.94635	0.32253	0.30453
-0.68015	0.22376	-0.69809	0.40708
0.00000	0.00000	0.00000	1.00000

ProjectionMatrix PhotoCaptureFrame: 
1.52748	0.00000	0.01523	0.00000
0.00000	2.70932	-0.06174	0.00000
0.00000	0.00000	-1.00000	0.00000
0.00000	0.00000	-1.00000	0.00000

CameraToWorldMatrix Camera.Main: 
0.72224	0.11881	-0.68137	0.47763
-0.02858	0.98942	0.14224	0.22162
-0.69106	0.08326	-0.71799	0.35791
0.00000	0.00000	0.00000	1.00000

ProjectionMatrix Camera.Main: 
2.53683	0.00000	0.00000	0.00000
0.00000	3.90282	0.00000	0.00000
0.00000	0.00000	-1.00401	-0.20040
0.00000	0.00000	-1.00000	0.00000

