CameraToWorldMatrix PhotoCaptureFrame: 
1.00000	0.00000	0.00000	0.00000
0.00000	1.00000	0.00000	0.00000
0.00000	0.00000	1.00000	0.00000
0.00000	0.00000	0.00000	1.00000

ProjectionMatrix PhotoCaptureFrame: 
1.00000	0.00000	0.00000	0.00000
0.00000	1.00000	0.00000	0.00000
0.00000	0.00000	1.00000	0.00000
0.00000	0.00000	0.00000	1.00000

CameraToWorldMatrix Camera.Main: 
0.99850	0.00046	0.05475	0.53378
0.00000	0.99997	-0.00834	0.02182
0.05476	-0.00833	-0.99847	-0.26826
0.00000	0.00000	0.00000	1.00000

ProjectionMatrix Camera.Main: 
1.02818	0.00000	0.00000	0.00000
0.00000	1.73205	0.00000	0.00000
0.00000	0.00000	-1.00020	-0.20002
0.00000	0.00000	-1.00000	0.00000

