CameraToWorldMatrix PhotoCaptureFrame: 
0.71147	0.12495	-0.69152	0.36211
-0.02521	0.98797	0.15258	0.15634
-0.70227	0.09113	-0.70606	0.27558
0.00000	0.00000	0.00000	1.00000

ProjectionMatrix PhotoCaptureFrame: 
1.52309	0.00000	0.01520	0.00000
0.00000	2.70176	-0.06165	0.00000
0.00000	0.00000	-1.00000	0.00000
0.00000	0.00000	-1.00000	0.00000

CameraToWorldMatrix Camera.Main: 
0.71428	0.07036	-0.69631	0.31306
-0.02270	0.99674	0.07743	0.12137
-0.69949	0.03950	-0.71355	0.22732
0.00000	0.00000	0.00000	1.00000

ProjectionMatrix Camera.Main: 
2.53683	0.00000	0.00000	0.00000
0.00000	3.90282	0.00000	0.00000
0.00000	0.00000	-1.00401	-0.20040
0.00000	0.00000	-1.00000	0.00000

