CameraToWorldMatrix PhotoCaptureFrame: 
0.99968	0.02532	-0.00025	0.39388
-0.02384	0.94470	0.32706	0.10448
-0.00852	0.32695	-0.94500	0.48170
0.00000	0.00000	0.00000	1.00000

ProjectionMatrix PhotoCaptureFrame: 
1.52265	0.00000	0.01519	0.00000
0.00000	2.70100	-0.06164	0.00000
0.00000	0.00000	-1.00000	0.00000
0.00000	0.00000	-1.00000	0.00000

CameraToWorldMatrix Camera.Main: 
0.99990	0.01302	0.00504	0.39276
-0.01387	0.96817	0.24989	0.08312
0.00163	0.24994	-0.96826	0.40824
0.00000	0.00000	0.00000	1.00000

ProjectionMatrix Camera.Main: 
2.53683	0.00000	0.00000	0.00000
0.00000	3.90282	0.00000	0.00000
0.00000	0.00000	-1.00401	-0.20040
0.00000	0.00000	-1.00000	0.00000

